              precision    recall  f1-score   support

           0       0.96      0.98      0.97      1016
           1       0.98      0.97      0.98      1125
           2       0.97      0.94      0.95      1001
           3       0.93      0.94      0.94       975
           4       0.93      0.97      0.95      1025
           5       0.97      0.91      0.94       912
           6       0.96      0.97      0.96       943
           7       0.94      0.97      0.96      1037
           8       0.96      0.90      0.93       966
           9       0.91      0.95      0.93      1000

    accuracy                           0.95     10000
   macro avg       0.95      0.95      0.95     10000
weighted avg       0.95      0.95      0.95     10000
